0.0476055108
0.0451965965
0.0021691483
0.223129973
0.202162489
0.0935661048
0.0321261957
0.24549675
0.108547345
0.0588051565
0.0181318466
9.83021619e-06
0.101860888
0.0144810462
0.412451506
0.088855505
0.0772548914
0.0109802764
0.0628083348
0.0069572553
0.0228052847
0.124598108
0.0597698949
0.01879685
0.204462856
0.168664515
0.106991239
0.215378121
0.0362918228
0.0283853654
0.100139603
0.0611197352
4.25752769e-30
2.12597408e-16
0
0
4.00669238e-23
0.000384966552
0
0
0.999614954
3.86036247e-31
3.57661296e-11
5.09641541e-05
0.000204906435
9.67985579e-06
0.00029533045
6.42858095e-06
0.999318361
0.000114383096
3.23957423e-11
3.96913473e-14
5.57735213e-18
6.83255739e-16
6.25710014e-16
1
4.55713722e-12
2.68889186e-13
5.35455558e-23
1.09161299e-18
6.58214276e-07
0.00499863736
3.3846502e-11
0.00970081147
1.87940845e-08
0.146950215
7.95171776e-11
7.99572497e-09
0.000110855304
0.0049305358
9.2731554e-08
0.458730519
0.000315793441
1.13155511e-06
0.175386876
0.000889887742
0.197631702
0.000296563172
5.56623963e-05
2.39619644e-11
3.37972171e-25
0.000310920528
6.88041678e-14
1.99860795e-09
0.998610735
8.19696169e-08
0.000151920947
9.41997591e-11
1.23574877e-35
0.000926282839
4.18481783e-08
3.19639221e-05
3.33781869e-09
0.0799053535
0.00772071816
3.50376155e-08
0.264320761
0.00300804502
3.59356382e-05
3.64704107e-08
1.51484089e-10
0.443210095
0.199775964
2.1424205e-07
0.000731170061
0.00125294516
6.83654662e-06
0
0
0
0
0
1
0
0
0
0
0
0
0
0
0
