-0.0376159996
-0.00265099993
-7.10942698
-0.0911429971
-18.6154461
-3.24779201
9.59926605
6.92242193
2.43025088
-1.18689096
9.49543667
0.674705982
-1.28030002
-11.0825138
1.24766302
-5.96335316
0.717305005
2.61076689
-0.00393200014
8.86419582
13.8750706
-5.63561201
0.290152997
-2.69319201
-2.49988604
0.110812999
2.56250191
0.528060973
-1.56714296
-6.53777122
0.149485007
-0.786118984
-0.322667986
-5.62851906
-1.29590905
20.8347321
0.134483993
0.49840501
-2.88144398
-0.753836989
-1.84022105
6.82023287
-0.354990005
-12.180398
1.44272399
7.36020279
-3.16103792
-12.1576653
-0.954813004
2.00138688
-0.0811140016
0.281443
-18.274065
-9.50675392
-3.21398306
-0.567312002
5.57280922
-1.87867606
0.0476469994
-2.33537889
-8.83020592
-0.76010102
-0.0508060008
3.21015501
1.09261203
0.276818991
-2.70065188
-2.29773211
1.28081
1.84965301
1.38808298
-1.08462405
-0.903681993
-8.6295557
-6.8594408
-17.1333275
0.335287005
-1.06026804
-8.13711834
0.872569978
9.20196629
2.05615997
-10.3185453
5.76276016
4.00728321
0.813677013
-14.5012617
-0.150398999
0.191440001
19.4917202
-0.265563995
6.64571524
-4.09688902
-11.1474028
1.99800396
-8.48336411
-0.484219015
-0.990438998
-11.108799
-0.663039982
3.08023691
-0.169026002
-1.06980801
-10.4659224
-9.06091499
-0.547340989
-0.119493999
-0.0284540001
-7.8588109
0.986222982
-12.5076027
1.103037
0.770600975
1.36102402
-9.1121912
0.528416991
6.82779598
0.231764004
0.509950995
1.91206801
0.389743
2.84707808
9.48353195
0.583582997
11.6175613
1.03431702
4.54936886
-0.946527004
-1.67839897
8.3769474
-11.2886124
-0.358763993
1.43867695
-2.67900491
-3.29219604
0.549380004
-2.11566901
-5.31269598
6.58264017
-2.11399698
9.34801579
0.203948006
4.90623903
2.23769903
10.8363056
1.771137
1.66968298
-0.781548977
1.40324199
-0.293540001
-8.87030315
-1.28646398
33.0835419
2.21658611
-0.701094985
-7.57004404
-4.94591093
-0.673982978
-5.93991518
-0.349029005
0.539597988
1.01532996
-7.90868616
0.186601996
0.978540003
9.59926701
-13.8732929
1.79881406
0.664640009
-5.06967306
1.531546
-1.38095701
-0.709604025
-5.59547615
-0.557527006
-2.14240408
-1.84902596
-0.922294021
-0.556173027
-6.82468319
19.1151867
-17.1139374
-1.06260896
-0.589859009
-0.867223024
-1.89253199
-10.0456009
0.760456026
-0.239701003
3.65260506
-0.787509024
1.95075405
-5.72794294
-0.647243977
-1.50406504
2.65182209
1.08784497
-0.404397994
0.260089993
-0.772085011
0.412012011
0.490267009
-0.196961999
-1.01895297
-0.406318992
-1.38751996
-4.64203691
5.44866419
-0.24041
0.415188015
5.60331678
-0.493791014
-1.42974102
-2.89061594
-0.0787900016
-1.63052404
0.598680019
0.623529971
-0.901331007
2.59187102
2.67927098
12.6497068
-0.320683002
-11.1362391
1.51933098
-1.56282794
8.48325634
0.502633989
-0.486414999
0.756654978
0.828097999
-0.0699220002
-0.923977971
-5.22789812
1.33224404
4.5161972
0.953146994
-8.38918686
8.82970047
4.76438522
6.45822716
-0.807789981
-1.00583601
0.292183995
-0.837334991
1.22831297
0.998438001
0.0338720009
-5.82777119
-6.40303421
10.0938559
14.3998814
0.0800179988
-0.225865006
-2.68201804
0.420226008
3.29094696
-7.70852709
0.653264999
-0.117112003
-1.94902098
9.11398411
1.00048399
0.0963419974
4.37226391
-1.29801297
4.94206715
-0.563265026
0.216170996
-1.37247396
-13.3504963
-14.4319077
1.02351403
-3.91375089
-12.2404814
-7.1160531
1.68017304
0.169370994
0.193969995
-0.734489977
-4.15443277
-0.992914975
0.829901993
-11.4994688
6.14798498
0.904438019
-0.480387986
0.877297997
7.146451
2.4180479
16.2004108
-0.604480982
-1.16623902
-7.52598715
-1.78206301
0.98269999
-12.2525778
15.8151093
-1.34477305
14.408618
10.7400532
-0.318143994
-1.68790197
-2.09546399
-5.029953
9.07675266
-0.164709002
0.904727995
-0.0995149985
0.50424701
0.362145007
0.0616960004
0.654999018
-0.123278998
4.5551548
0.0797630027
-2.94330406
-0.834119022
-1.71265996
1.02388203
-1.03104997
-6.80186319
-10.8437719
6.53851509
-0.610165
11.5225096
3.005126
-0.0154039999
-0.264339
-2.95283389
0.499256015
5.48759317
-0.0566679984
-1.27095103
1.15567803
5.4639101
-1.49923503
1.96623695
1.48126996
-13.2512207
7.37286711
0.282968014
5.58116102
-0.199726
-1.45275295
14.4179382
-1.19389701
1.05330205
18.6733932
-1.54395604
11.0326338
-1.29130399
14.1011543
0.220970005
0.557610989
-0.907660007
7.8080349
2.48569989
0.799845994
-0.781516016
1.916803
-3.57215691
1.57300603
-0.513211012
-1.11635697
8.75598335
-0.455139011
-0.0866070017
2.351228
-0.997919023
-4.43242884
1.04608202
2.77837801
0.252258003
0.091426
-0.418049008
0.287099004
6.11418486
-47.5829506
1.71527004
-2.52492499
-4.38410997
7.19334984
-0.838159025
6.82158899
-7.1882
-6.12966919
-0.941711009
1.04528296
1.29202294
-7.00223398
-1.20885301
-11.4620934
-0.864829004
-6.06539202
0.451095998
0.0946109965
-9.99316216
-0.0430230014
-0.223137006
-1.13010299
-0.162354007
-8.31382084
7.44512177
-3.85270691
-0.782244027
3.37237406
2.53364396
0.490583003
-0.272352993
0.38942799
2.8767159
-4.85886288
0.451234013
0.978682995
-14.5670452
0.387115002
1.04303801
7.60864496
0.116632
-3.21009707
3.69419193
2.47568393
-0.202561006
7.33824301
1.63873398
0.237391993
-0.932877004
-0.942589998
1.95148599
0.441177011
-0.874575019
-0.77324599
-1.48469603
1.73142195
0.38211599
0.535839975
-0.0359520018
1.69007695
1.31857705
-11.545372
-0.665947974
-0.445239991
5.19108677
5.54016876
1.13411903
5.89013577
-3.19646311
-6.81865692
-0.726427972
-5.44969511
-0.591349006
2.57498693
-0.610094011
1.50549304
-0.486598998
1.11553597
15.0721264
7.58390188
-1.67069101
12.1035357
-2.07838988
1.03737903
0.258073986
-1.494789
-2.39643002
5.02430582
-2.28299403
-0.545163989
0.137346998
-2.9441781
-6.43626308
0.355863005
-1.39156306
-2.1008451
-0.923765004
0.622117996
0.332473993
-9.62717438
0.0221859999
-0.218073994
-8.41163635
-4.86868715
0.92630899
0.39308399
0.219377995
4.62613201
-0.093355
0.391995996
-0.342559993
0.481056988
-0.451712996
-5.40805578
-0.281827986
-3.56605101
-12.3720188
9.33307457
0.348046988
11.8240557
0.196753994
-0.490756989
0.217310995
0.43927899
4.13284683
11.541935
-0.479849011
2.11311197
1.58667004
-1.47059596
-6.45531082
1.91213906
-1.34429502
-0.647522986
0.0983399972
-0.652422011
-0.200174004
-2.16493201
0.495312989
0.994427025
0.403643012
-1.31042194
-5.1847868
-1.16474104
-0.956638992
2.15247393
-1.46826005
8.25306988
-0.130774006
-6.75060415
-0.647454023
-3.30315709
43.7940521
-2.68460393
2.66290092
11.6972857
-1.33857799
-0.0944750011
-0.292239994
0.625735998
-15.5757256
1.68019605
-0.50919199
1.19840705
-13.8025751
-0.0568640009
-0.861289978
3.86003995
-1.78502297
-5.92702103
0.0973130018
0.408407003
10.9670687
-6.09714222
2.61713791
0.934904993
3.38479996
-1.44268405
0.785713971
-1.07955897
-0.366034001
0.915699005
7.50926399
0.716305017
6.01254702
4.90505123
0.619987011
-14.2120714
7.03069687
-3.45001602
7.42644596
0.451321006
8.64428139
10.2991829
-0.236943007
14.268239
6.66479588
-1.73213506
5.0385828
0.217117995
12.6555099
-0.106753998
-0.483137995
3.91977191
9.94094181
-0.80706197
0.256705999
0.965053022
-0.425965995
0.578997016
-1.90877604
14.1256618
-0.204218999
0.840708971
0.461955011
-0.0684920028
-0.749289989
-0.523909986
0.590650022
4.58206797
10.4233541
-0.647140026
1.30953598
-2.93979812
5.39018106
-0.0591830015
1.00925004
9.56053352
-4.40837193
-0.528127015
-3.46471596
-9.02709293
-2.50717092
6.3969512
-0.419396013
8.012743
0.656075001
-1.17882502
0.297616988
-0.716562986
1.62727201
-0.317230999
-7.19920588
4.49464321
-1.89086497
1.43487203
-1.15480399
-1.18729305
-0.128264993
8.09842205
0.385645986
-6.610322
0.582884014
-0.298301011
15.7291117
-0.279893011
11.6856775
-1.33054805
0.0717480034
12.967617
-7.79643488
-4.0880909
9.29077053
-0.670176029
0.437779993
0.550897002
0.297428012
-1.53581405
0.841489017
6.20274115
0.090659
-5.67836618
0.887157023
-1.09967399
1.48217797
-1.71861696
-2.03893304
-1.709252
-0.0372419991
2.81520891
0.935801029
8.31246758
-2.71623206
0.490155011
5.51898479
0.612473011
-5.68896389
0.800293028
0.00578599982
-6.71316719
1.84326899
-0.625791013
3.80899692
0.492417991
2.19635797
-10.767477
-0.811604977
-0.675149024
13.2747583
0.291785002
4.01237679
12.4711246
-0.123504996
7.50535822
0.978878975
2.04340696
-6.49886179
7.77381516
3.9533391
-0.917461991
-15.6356745
1.37773395
6.92760611
-0.52423501
1.43455303
1.45612597
-8.59806538
-0.610957026
-0.531701982
-2.08520007
-0.761637986
0.253051013
0.541878998
-7.05152798
-11.0603037
-15.9361572
-1.40488803
0.889783025
5.14481306
1.48181701
-0.924854994
0.072186999
-6.4749999
-2.92834091
0.530341029
1.05828595
-1.53038502
5.71912098
18.792366
0.731087983
10.0361347
-4.12179184
-1.25041902
-0.827661991
17.6037064
5.1980052
-5.3329401
0.276531994
0.0436079986
-0.786832988
-92.5665665
0.530481994
-4.09300184
-2.74425292
-1.84267902
0.603662014
0.0154520003
1.10319698
1.173599
8.02702236
-5.34340811
7.42886114
2.49641204
4.83645582
0.641461015
-1.98187304
-2.82039499
0.643671989
-1.63694406
4.05584812
1.50916898
-0.185176
0.339744985
-1.34429502
-5.96996498
-1.24397194
-7.902246
0.385237992
1.53938603
1.02386796
9.88106823
1.25908601
-0.139976993
6.62583303
0.554457009
-0.775911987
-1.06312704
0.870257974
-1.532763
-3.63175201
-10.0748262
-0.208821997
-7.38579798
0.378053993
0.137877002
0.756237984
-0.93712002
32.2549896
-1.551157
-1.68784797
-0.812870979
-2.18584299
0.562117994
0.475068003
-0.732225001
-1.78638506
3.22902012
-2.53234196
-1.38446105
1.65754199
0.715206027
0.354647011
1.16884804
1.83985305
0.0851980001
1.96074605
0.206580997
1.07110798
-0.468778014
1.28619003
0.189111993
-6.35162115
-0.240605995
-1.65071404
3.78569198
-0.476891011
0.171831995
-4.19091797
-0.267012
-0.359629989
-0.560795009
0.0643830001
-2.10841799
0.874597013
-1.61940598
0.57486397
-0.517001987
-0.449916989
1.00223899
16.6907425
-2.21838307
4.10046721
6.3167901
-0.570771992
-0.181454003
1.06213903
1.02180004
1.95110202
1.91739297
4.00103521
0.482529998
-0.767916024
0.196296006
-13.2925243
-2.08544993
0.192934006
5.79512882
1.79136395
-5.36148024
-16.5036011
3.62619901
0.969474018
3.11496806
-1.57015097
7.9131918
7.57848692
12.1380796
-0.927226007
-3.3885901
1.31048501
-2.21571994
-2.14281297
-0.308604002
3.56535101
-2.74609089
-10.2180071
0.126468003
-0.0809229985
-0.309877992
-0.938409984
-4.11763906
-1.56292701
-9.03426647
-2.39809799
-0.113633998
-3.60148001
0.757601976
1.88108397
0.140270993
-0.480455995
0.305590004
1.43154001
2.44000101
1.97255194
-12.6964521
6.59152508
0.080077
-1.17573905
12.9173613
10.8264036
6.21429491
17.8134975
1.64246702
0.794206977
-0.630198002
1.51707006
12.118288
-1.14181495
0.0624440014
-43.1853867
-1.82305396
0.487569004
0.330087006
16.1062393
0.372498989
-0.528936982
1.30583501
-1.17836404
0.850799978
-9.04048634
-5.67698383
0.378693998
-0.231847003
-2.25220394
-9.15705872
-1.40581501
0.947616994
-0.231187001
11.349968
-3.79247999
3.89279103
-6.48914194
1.50934803
1.29273796
-12.9553146
-0.584330022
-6.79634094
-9.68268108
-13.6576538
-0.184434995
4.38000822
-0.688974023
0.211411998
0.619753003
0.480181009
-2.66419411
-11.7926121
1.41415703
1.88316703
-0.207245007
-0.294566989
-9.65249729
0.0137109999
-0.488503009
1.18184996
-1.17811894
-1.85626304
6.02885723
14.060173
3.70414805
0.665076971
0.476108015
6.70201492
-1.65309405
19.5256824
11.9166422
-5.50833178
-0.928947985
-0.0345939994
-0.536468029
-0.0412570015
8.36634541
-5.17603397
-4.21389294
0.615673006
-0.94373101
3.55436993
0.540103972
-1.30773401
1.77527702
-1.67000198
2.16042304
-3.95949507
1.13046002
1.01393604
-1.92707503
10.1885405
0.830232024
-0.168406993
55.0539246
9.89865208
0.140900999
4.38099194
1.84812105
-0.32949701
-14.7500973
1.43136096
-0.353148997
-9.82123375
-0.0944740027
4.66627598
-0.858147979
-1.24809206
-1.40153801
-0.284487993
1.82224596
1.57363498
-10.1606321
0.506667972
2.10381389
-1.21271002
-12.1821356
0.386655003
0.231015995
-0.459291011
0.531073987
2.86150694
0.610661983
-0.290592015
-0.500850976
0.107694
8.99071884
0.179005995
6.94654608
-0.0388920009
11.5897655
4.85988283
1.19828105
0.431829005
-0.328913987
5.88118696
1.42111003
-11.4128647
-0.540282011
0.376121998
2.59937406
3.51163411
3.71125603
-1.22734296
0.771959007
12.0122128
-0.284346014
0.175133005
0.250151992
0.427174002
-0.247482002
-0.191028997
10.5823669
-5.22562981
4.26838684
10.7107677
1.49590802
0.987091005
2.74548697
1.44950604
-12.5513697
1.22883904
-0.0687690005
-5.6325798
-1.42695296
0.977943003
-0.426539987
0.623199999
-0.26444301
0.285501003
1.03351402
-0.248951003
-12.8846807
-1.30578196
0.670507014
3.12632108
0.991541982
-0.586656988
-0.00579100009
-1.37499106
-6.86479616
-0.225940004
-0.587816
-5.58083677
2.07041597
-1.08927
4.4999671
0.458912998
-0.257050991
0.054384999
-2.98259997
-10.5284185
-0.508054972
0.723226011
0.210463002
3.98779988
-5.61678314
10.5813961
2.74072599
0.273573995
0.425099999
-3.43783593
13.0310192
17.9438572
8.69971275
0.736696005
0.818606019
0.711722016
8.62362385
-6.68144178
-3.11751103
4.04032612
-3.27657604
-0.393150985
-5.998734
3.51765394
0.490314007
0.227706999
-0.222314999
-0.904331028
-3.8032639
7.33837986
1.97822702
-7.5165782
-17.2374573
-6.19643593
2.54196692
-10.5160122
0.636752009
-7.04492903
1.50317097
0.688031018
0.150929004
0.910214007
1.57596898
1.04753006
-16.8269463
1.46311498
-0.314951003
-0.362776011
1.088799
-1.03711402
-4.91833401
1.38264096
-13.6636276
0.651678979
-4.42472696
-3.40030003
-1.71370006
-1.10733795
-2.64603591
0.569665015
6.31616402
11.4245749
0.278126001
-1.43959701
-0.466244012
4.09334993
-10.1831474
1.37182796
8.56967831
-2.71430302
-0.657405019
-1.61073804
-0.562156975
-0.762627006
3.58748388
0.392567992
1.00916803
-0.949256003
3.7030139
-0.296025008
6.02542591
-0.0397339985
-2.08989692
0.805939019
9.48538876
-1.30720603
-0.952745974
-3.30441093
-2.64178109
-0.395902991
1.92863405
-1.90078604
3.929111
-1.79810596
3.54847288
1.67570698
1.06566095
0.203171998
-0.116259001
0.202042997
0.217378005
0.788137019
-1.28704405
0.0522719994
1.57631397
0.443747997
0.808012009
-5.90534782
0.430231988
-1.90700698
-5.15152788
4.50197077
-0.180345997
3.71855211
-0.462399989
-0.84919399
7.98887682
-0.269333005
-0.831152022
0.414492995
0.798321009
-1.19282198
2.28816795
-0.744315982
1.667202
-8.84117508
-1.00450504
-0.785458982
-12.7983007
-1.289464
2.43902707
0.564432025
-7.2999959
1.95789897
-1.26572394
16.0380688
1.19971704
-0.119685002
9.97365284
-8.08073521
0.990098
0.816002011
0.357939988
-11.0586433
-2.98958707
1.39454198
3.30594993
12.900672
-0.124218002
-0.363559008
0.533802986
1.91977096
0.200058997
-0.0938189998
-8.16657543
-5.766325
-0.360527992
-5.26440096
1.23400295
-0.431508988
-0.00164000003
2.71720695
-0.790538013
1.50629699
0.362327993
-0.312299997
7.47273588
5.7313571
1.56634498
-5.98842716
1.47215998
-5.58001184
-6.27497196
-7.57775021
5.11062384
2.00706005
-0.465701014
-0.262780011
-1.35718405
-10.2482586
8.85207939
1.35227704
-1.85603702
-0.822525978
9.51227856
0.355152011
0.671647012
-0.964945972
-2.52480006
-1.18605304
0.0611220002
-1.33850598
0.966699004
-5.00637579
0.459262013
-0.345845014
-0.783430994
11.8421803
-12.8067331
-0.514573991
8.26878834
1.16323996
-6.08762121
-1.37544298
-0.747265995
7.24572897
0.504679978
0.401520014
-11.9642124
-0.0268639997
-0.276230991
1.88138103
7.01599216
-5.16456079
-1.42691696
0.161054999
-1.63155997
0.775885999
-1.46573806
7.26086617
0.117928997
0.856745005
1.29177201
-4.5066309
0.214321002
-1.02104497
4.97996616
-0.0404150002
-0.453099996
4.14256382
-3.97696304
-0.152761996
-0.619996011
0.119372003
0.775232971
-12.2755632
-10.786396
-0.402238011
0.0687329993
-12.8513384
0.189616993
12.6053658
-8.80376339
1.14024699
-1.43378103
1.27118301
1.05860996
-14.8077984
-1.11223495
0.236227006
0.27660799
-0.642821014
-2.46008611
-0.385592014
-2.4509511
0.159290001
-3.48681688
-1.53876698
-6.95671606
0.927899003
1.49160504
1.48133898
0.393339992
11.8266382
-1.51780403
-4.37474203
-0.552675009
-20.9681911
-11.0962591
-0.318401992
10.3189383
10.8169441
-0.596001983
0.604454994
-11.9563122
1.22019196
5.747684
10.8716393
-0.775570989
3.83344603
0.655035973
-1.06766605
-2.28248906
0.0555999987
-0.0304240007
-16.0323353
10.1862917
6.01675701
-2.44337797
-6.07033777
0.833311975
-0.698674023
-4.74655104
-0.470732987
-9.41887569
0.838828981
7.34097195
0.425401002
1.22982597
-3.07667804
0.768803
-3.63958907
-1.11749804
-11.8907776
1.62514603
1.64859498
-0.579091012
0.71428299
3.7275269
-0.581369996
-0.803479016
0.914677024
-0.228107005
-6.02767801
-0.863523006
-5.28920984
20.0961704
-1.07606602
-8.79349136
8.51264668
-0.186028004
13.5752096
-4.25873995
15.4831095
-1.38370097
0.262014002
-0.512208998
-8.62093353
-0.0476949997
-0.714308977
8.7742548
-1.28855503
-0.747218013
8.81807137
0.580878973
-1.32142997
-0.669070005
-1.11619401
-13.3448057
0.628342986
0.968195975
0.784218013
-5.71038914
1.92383206
-2.48245192
0.00724000018
-0.584078014
0.730144978
0.544968009
-11.3750801
-0.864719987
9.56612587
4.91331482
13.2710276
3.58536696
0.265091985
1.01777399
5.97589207
-0.530812979
0.00594400009
-2.66433406
6.63806486
0.814538002
4.34701395
-2.65326905
-2.89836907
-0.382241994
11.8205366
1.08656704
0.487848997
1.35600102
1.19388199
6.03452587
-1.76157403
4.31642103
-0.600777984
-0.308770001
-0.807327986
0.379619986
-2.07394195
-0.192305997
4.16629791
-0.69214797
-1.16477299
-4.34822798
3.57157397
-12.9048128
0.147762001
-13.6988249
10.0316811
1.12695098
0.559991002
1.45877302
0.507665992
-12.3565464
2.90691209
0.579940021
-4.76996899
3.04568911
0.443259001
-2.73253202
-1.54882896
-0.532049
-0.767655015
9.91148663
-9.14788628
-0.851437986
14.7458086
83.2364502
0.485848993
2.83805799
0.994571984
-4.96909189
1.47306895
-0.363649011
2.24786806
-0.912003994
15.4547834
-7.91753292
-0.53877902
-10.0758619
4.25504589
-2.3104229
-3.94749689
-9.365201
6.81258583
1.05374503
2.52262497
0.739060998
-0.0135589996
2.91375494
-1.04454899
-0.503006995
-1.81839097
0.0539099984
0.287517995
-0.546580017
-1.41614401
-0.450264007
-1.281973
-9.66876793
-25.1196003
4.98821211
-5.45517302
3.97565794
0.178179994
1.67030394
-14.2767162
-3.50237608
-0.453581989
3.3786521
0.0163059998
-0.0766450018
-2.22584391
1.17768395
0.519545972
4.04147387
0.144709006
7.36502123
0.651781023
0.527500987
-0.227965996
2.83924699
11.6872654
3.05553198
-0.471114993
-9.00265884
-0.525807977
1.46494496
-0.908020973
-7.53130817
2.99416709
-4.62962818
0.67325598
-2.4960649
-8.2765398
-0.979017019
-1.42666304
0.811600983
-1.09631002
-0.272781998
-1.06007898
0.358936995
0.865773976
-0.572833002
1.04647696
3.46199107
-0.362569988
0.51068002
5.59474802
-2.52459311
-0.326270998
-1.66506398
-0.227236003
-2.27645397
4.7522459
-1.22551095
-1.32368898
-17.3222504
-8.26613426
-1.81958699
-1.40013599
-1.78566206
-5.61268377
1.91043794
0.842423022
-1.28497303
0.343609989
0.654449999
1.02865899
1.66017795
-0.347591996
-9.14648914
13.1507244
0.264456987
1.343485
-1.43513095
-0.628108978
-9.72484589
0.74513799
3.95160007
-0.0845990032
-2.61171603
0.219111994
0.0778699964
0.765558004
-18.0079861
-4.44897699
-8.7580986
-0.622242987
4.87013006
1.53645205
-2.37005401
-6.24448299
-5.09858799
2.31735802
0.957800984
6.12086391
-0.774703026
0.466886014
0.0686680004
-1.61790502
-0.0909549966
0.483547002
13.7708015
-7.10612011
1.36685598
0.648765028
-0.805701017
0.469035
6.13678789
4.83565617
3.936409
1.07208204
-0.367314994
-1.36106801
0.793051004
-0.609018028
3.1332581
0.135425001
-0.36502099
-0.453078985
0.122994997
-0.834631979
-5.77974796
0.707280993
-5.28633118
-0.751631975
-0.518522978
3.04845309
-8.79515171
0.240445003
0.902915001
-7.41601992
0.178066
0.0379960015
-1.10397398
-0.467819989
2.17986894
6.54851389
-9.99599838
-1.958179
-3.05460095
-0.0831319988
-1.62832701
3.79400611
0.324377
4.23612118
3.25594711
-2.80233788
0.286478013
1.03264594
2.26825595
0.0580289997
-1.28466296
-0.673602998
3.86969495
0.00704400009
-6.49252415
-2.5458591
-0.124865003
-2.31263494
-5.09704685
-0.645228028
-0.86274302
-1.32129395
-0.680158019
1.183864
6.87352324
1.46365499
-0.367985994
2.38144588
2.61375403
-0.500262976
-0.492570013
0.0609200001
-1.82302904
3.27922201
-1.66971397
14.7866735
1.47142398
0.100615002
-6.33151197
-2.88333702
2.77762389
0.315849006
-1.23822403
3.6894691
0.00500500016
1.07105899
26.1238232
-6.8982358
-4.96137524
-3.31271791
-0.387742013
11.7594309
3.45091391
-0.0178440008
2.43516397
0.103693999
-0.363299996
0.697795987
-7.14194107
-1.17628098
0.169265002
0.871963024
0.779914021
1.40549195
-1.264817
0.544623017
-9.0074892
0.215002999
4.87711191
-5.14155817
3.35638905
-1.13219094
0.277130008
0.285798013
-7.59126616
-1.28024995
12.9934683
14.8836384
0.886937022
0.826467991
4.2787838
9.88055801
0.175989002
0.182428002
1.46600199
0.191211
-6.76028013
0.437023014
1.17295599
7.96322298
-5.96639109
-1.88088298
1.75215399
-9.45693302
-0.35394901
-2.57450294
-10.8154392
4.40391684
-0.978527009
1.96388495
-0.878548026
-0.974693
-0.667428017
-2.73125291
1.33513606
0.234623
-4.81191397
-2.489434
-0.282325
0.737070978
2.63040805
-0.889356017
-0.171239004
4.32618189
-0.686109006
-1.49954796
-1.32116401
5.23774719
74.0152283
-4.18367004
0.442364007
2.03065896
-0.747120023
-0.379887998
13.0904341
0.568051994
11.9564629
1.01889503
1.93964696
-2.19463301
-0.788367987
1.135607
-0.334895998
3.515764
0.694755018
4.23755121
0.369585991
7.52043104
-3.95078301
4.90080118
-2.89068007
2.84874797
1.326455
-0.362313002
-0.379548013
1.71820199
-2.99966598
0.854663014
2.73070598
5.42300415
1.51617801
0.517623007
9.39621067
-0.205418006
-0.0800950006
1.49897003
3.75124192
1.92571497
-0.575127006
1.63023496
-1.06898701
-1.31099796
0.600561976
0.223027006
-0.88469398
3.91322303
2.76395202
-4.60551786
0.0987379998
-9.85341358
-0.362899005
-0.00622700015
1.55960703
-1.57615995
3.36832094
-0.696048975
-0.745140016
0.289321989
1.03449905
-7.28632402
6.34717703
1.42196798
0.886780977
5.64836979
0.0131379999
2.79690599
-0.678754985
-1.04729903
8.81461906
-3.87141299
-0.924812973
0.250820994
-0.740538001
-2.36415696
-2.87085295
0.451492995
0.239239007
0.769329011
6.3575201
-7.69271898
0.507713974
-0.472626001
1.47103906
10.3201313
-3.41205406
-0.195268005
-3.8693831
8.86754417
-1.95571303
5.19024706
-0.641309023
0.948264003
-0.861124992
-2.31827593
0.931172013
0.772554994
1.44119501
-0.290773004
-0.502632976
1.26643205
-3.500772
1.68601298
-11.8708649
1.79387105
-1.32228196
-1.70585597
0.324528009
-5.89971685
-6.55814791
1.19098401
1.59836698
5.8444128
0.616104007
-5.60238695
-0.631965995
-3.30595398
-2.63642001
0.507351995
4.34899616
0.0577870011
8.89015579
4.99234819
-0.617693007
-5.76549482
0.736633003
0.466969013
0.609266996
-0.366230994
-0.772350013
1.55756998
1.72037196
13.3139753
2.4922061
0.139819995
1.55699301
-0.155142993
-2.05375409
0.0352159999
1.07441294
-2.64221001
0.431315005
-0.431392998
0.994534016
0.204280004
-0.513803005
1.22115004
-1.094383
0.220756993
-1.49916005
0.0825600028
-0.958131015
13.8377581
-5.84738111
1.09275496
-3.53715396
0.659768999
4.64448977
1.04543602
1.14366806
1.33827603
-1.25877595
-1.20508504
6.6266551
-3.64041805
-0.914440989
-2.17288804
4.49633121
-4.81954288
-0.607201993
-0.492615014
-3.03108096
-2.25070691
-2.91337299
-8.34891891
0.150553003
-1.73737204
12.4932127
-0.0840549991
-0.568323016
0.831462979
-2.68589091
0.164144993
-0.741629004
4.41570187
0.819271028
-0.287218988
-0.122082002
6.410676
9.11088371
6.3634119
5.88355923
-0.690669
-5.90595198
0.829182029
-2.92613697
-26.9578419
8.48599339
-0.591324985
2.97261405
0.900434971
-9.63430214
8.10050297
-0.551201999
1.61363196
2.55316997
0.0541419983
0.896954
-3.262784
-28.8539906
-4.52605391
-0.427022994
-9.70903111
-8.02740288
-1.05785298
-7.33948898
-0.868866026
-0.43808499
-1.029544
-0.960189998
6.59813595
6.41073513
0.265312999
11.184576
-0.606473029
-0.440171003
22.8835659
-2.05806994
8.72392273
-6.43495417
-1.59377503
-0.37846899
-4.72653103
1.96972704
3.25026894
7.37855101
0.965915978
-0.149569005
0.598686993
-10.3590422
-1.004336
1.35203695
-10.1059418
-7.55987406
-0.0486110002
1.994591
-0.370050013
-0.620908976
-12.8928509
-4.85665321
2.79276705
-1.47992301
-0.775155008
-1.61144304
2.17567706
-4.17266989
4.37456608
-0.745383024
0.779133022
-0.294575006
6.20774508
1.71576798
-18.8067532
9.85069656
6.753582
-0.850959003
-16.9449711
-0.152165994
0.186346993
-0.350104988
2.39931512
-0.923632979
1.22506595
-10.0762091
8.56540394
14.2495346
-18.6620407
5.51047707
0.962001979
-5.16618109
0.0278779995
-0.0567260012
1.01212704
-0.293244988
-3.4533391
-4.46461916
-1.42703903
0.584208012
-2.86515093
7.51873493
0.122827001
1.48967898
-0.223395005
-2.31591511
-10.322361
1.41180301
-11.5575228
-1.202214
-5.63168001
-1.43678498
-0.617920995
-1.97511196
0.0112089999
1.22436905
1.48682296
0.492381006
15.7152758
5.72651577
-12.6371784
-0.128970996
-0.837361991
1.14528501
1.99250495
-4.9500041
0.562628984
10.0719233
0.870725989
1.487993
1.01826704
3.53436303
-0.0298079997
5.72809601
-0.943404973
-0.419034988
1.72230899
4.93215084
5.13805008
1.84335899
0.480453998
-0.392708004
0.408187985
-2.98896503
-3.23127794
0.338663012
-8.70434475
0.574082017
-9.10529041
1.44985294
3.52554297
-15.699213
0.896175981
4.73918915
-0.0410800017
-1.88824296
6.92001486
-0.0799850002
-0.321184993
1.46678996
1.46438897
-2.57538509
-0.226524994
0.520965993
0.838047981
-1.331936
12.3254261
-2.39725304
1.23927295
-0.525954008
1.29335999
-0.967329979
-1.40936506
-0.732376993
-0.781468987
-0.733828008
0.253899008
6.13767719
-0.599578977
-4.47203112
-1.19372201
-4.84612799
15.0128098
-1.72178698
-0.859207988
5.05086422
2.37085104
-0.330383986
-6.60424995
-0.229261994
0.577255011
-10.8544598
4.84373713
-1.11881495
1.76616001
-8.81713772
-0.35115701
-0.808309019
3.21882796
4.85518694
-8.20191288
-11.2665777
0.383432001
0.461557001
0.835200012
-8.85120869
1.22015905
5.35735083
0.536550999
0.0129829999
6.85749722
11.4586544
2.2898469
1.43256903
10.9608784
-4.51398802
0.363772988
0.2007
-0.218512997
0.193985999
-12.4968691
9.66236496
-7.41513586
0.596606016
0.22529
0.26810801
-6.56279898
0.215487003
-2.70765495
17.1074066
5.67464209
-1.543414
1.26649499
-0.155714005
0.983579993
-0.667921007
2.56470609
-0.679618001
1.33007705
-0.98901403
-0.378021985
1.08051395
-8.47121429
0.976891994
0.374258995
17.076025
-0.210701004
4.55459976
0.194154993
-1.04729497
1.70823598
-2.31443405
1.07936299
0.216702998
-0.167968005
-0.172580004
5.42838383
4.29491806
-0.230418995
3.40911198
0.353193998
3.78245997
0.217588007
1.51319206
11.5951567
14.5259428
2.13774395
-4.24874401
-1.53149498
-2.24508095
7.57753611
-10.0722866
-1.55814302
8.51645279
2.08978391
-1.05303204
-9.06072617
0.363866001
-1.96918905
0.901036024
-3.8755939
-0.743121028
-12.3939648
0.772471011
3.09154797
-2.19254804
0.778465986
9.72667122
-3.64548612
0.0131069999
2.71912193
-0.617433012
-0.150741994
4.94439316
-0.248607993
1.15805805
0.538300991
1.40497696
-1.95603096
1.22194898
-4.05262804
-2.41942
0.932714999
-9.10074425
15.3854609
1.59905601
-5.05315304
0.248182997
6.40832996
9.03617001
3.57446003
5.69991302
0.775976002
0.0505830012
12.5504761
-0.38132301
-2.37351108
0.635200024
2.10548902
-7.72862196
-2.81675792
-3.265095
-2.65066504
-2.01407194
2.96101308
15.1640768
-1.29396701
1.21907604
1.43443704
8.01443863
0.158123001
-1.73350298
-0.0298590008
-1.76650202
5.98822021
0.00786999986
-16.9100914
0.776933014
4.4319129
-0.223885998
1.01979995
24.2074738
-7.09812689
0.368225992
1.67495501
-1.61509502
2.11640406
2.71039891
-6.25180912
-0.076677002
5.26914692
2.83879495
6.15881586
-2.19077301
1.24810004
-0.586736977
-6.72823
8.98067856
-0.478009999
-7.6707139
-3.51738501
0.871645987
-0.380896986
0.68245101
-0.0176020004
0.223853007
-12.4234018
-0.428065985
-1.39323497
0.805406988
-1.308617
5.82923412
0.576027989
-0.733475983
14.5080175
0.230059996
0.451738
-5.42034006
0.912701011
5.69392395
0.818395972
-8.23605824
-0.668389022
3.00647902
0.571555972
3.06224394
8.00711155
6.06146717
0.924471974
-1.73005497
12.7535028
5.105299
0.365328014
14.1356449
6.21775103
0.205993995
-1.36572897
-9.24878502
4.66226196
1.21907794
-0.831227005
5.55559921
-0.212827995
0.104249001
-0.479580998
1.63854599
1.52006304
-14.3932829
5.78196383
-0.840551019
-0.322634012
3.85119104
-0.767292976
38.0130119
-6.72716618
-1.30534804
-1.20089996
0.516726971
-0.834429979
0.668419003
-15.4893684
11.532527
12.2306986
1.06919897
-0.836610973
2.50640893
4.21695709
-0.202244997
1.00550199
-0.717184007
18.1784134
0.0516830012
1.81812799
5.67218113
0.148910999
0.762494981
3.02829289
-6.8760829
-1.19469404
0.582642019
4.47607422
-1.02283001
6.0138998
-1.600981
3.8805759
0.162907004
-0.0992309973
-2.1792419
0.0879670009
0.48646
10.7049046
0.976610005
43.1943703
0.286260992
-2.49435401
3.6453979
1.369385
1.38641798
1.84602797
-2.18451095
0.323543996
-3.66897798
5.58547401
-0.0253199991
-8.29083157
-0.490276009
0.243295997
2.87407494
-1.17576396
-0.176716998
0.298103005
0.192540005
1.21856904
-0.51079601
-0.0368199982
-0.165528998
0.49316299
-1.35232604
-2.96814489
-2.78396297
-2.88730693
19.2880096
-4.00299215
0.954573989
-11.629283
-7.70867491
-0.171592996
-23.2095795
-10.1619387
10.1787119
17.7704277
2.43385696
1.96392298
-2.0438621
-9.54296684
-10.8089838
-0.846531987
-10.134716
1.75606894
0.070110999
-5.28724813
8.56882286
-0.0252730008
0.449622989
16.8286724
-1.59384298
0.576094985
0.653666973
0.581544995
10.9244576
-0.0189399999
-9.22736454
-0.748363018
-0.215369999
2.29683495
-12.6425343
0.399423003
-10.2172728
-0.0597340018
9.20248508
2.33156705
-2.53823996
-6.89189816
7.38895988
-1.03056204
-50.0227852
6.25527382
0.182833001
-3.2560401
-11.1848516
1.95525503
1.54617906
-0.601087987
9.95359993
0.081968002
3.26907897
1.7033
7.24097204
-1.37468195
3.64088202
-0.338746995
7.54925919
-0.631361008
1.89203501
0.0284599997
8.3383503
-2.13271689
0.716039002
-1.90673006
10.9491262
2.32499909
-0.0236389991
-24.7529545
2.238029
-1.84159601
-0.0668449998
-1.88454199
12.0985479
-0.978787005
-14.8867426
9.05790806
6.0209651
0.0866959989
-0.609300971
4.50071001
2.104388
1.01765203
-3.71913791
-14.7145767
4.93515396
1.08966506
-1.15577602
-0.796041012
-6.5226841
0.691833019
-0.255214006
0.662626028
0.336302996
0.441215992
10.4424086
-4.02341318
-7.79343224
0.436668992
3.53277493
4.78534508
9.75386238
-0.669474006
-8.0895052
-0.442667991
-0.208620995
-10.7643204
0.959479988
2.99798489
-2.90778399
3.93335199
-0.497586012
0.553044021
-0.824599028
0.136574998
-0.391855001
-0.413002998
0.939792991
0.759800017
0.413744003
-4.64432096
-1.05612099
-0.675096989
0.255488008
-4.90576506
-2.4090271
-4.97929096
8.86373043
-5.05780983
0.305352002
-1.90615499
13.3908625
0.572161973
-0.870968997
-3.47833991
2.94409108
-4.15097904
-0.489890993
-1.57735503
1.26529706
-1.19828105
0.877407014
-2.25833893
1.53321505
-15.1535902
-8.68223858
-0.0861089975
0.468867987
-0.0638699979
-5.6899128
1.55734396
0.384420007
-0.409458995
0.220596999
0.145383
-12.8612432
-0.256316006
5.04727983
12.5512123
8.17555428
7.1428442
-0.134596005
-1.39526999
0.803332984
-4.61124802
-0.0514889993
0.122908004
8.23782825
0.92306298
-2.76274109
4.17128181
-11.2924061
0.951062977
0.39310801
1.824422
6.0335412
-1.97862995
-4.49287415
-0.508692026
1.18666506
5.88010788
-1.13187599
1.17189395
0.573400974
-0.821428001
-0.314341009
-9.17640209
0.557929993
5.77521801
-1.70624197
-0.790982008
-11.9613724
1.76594901
-0.616460979
0.558416009
-1.93153
-2.486835
-7.17631292
0.354362011
3.46129298
5.41472578
1.18756402
0.438423008
10.599082
14.312767
-8.52588844
-0.907202005
0.00774700008
-10.0456476
-0.418289006
-0.32920301
-1.04747903
1.39198899
-1.26807296
0.25117299
-0.0546130016
-8.7228756
-12.500083
-0.169317007
-5.3912921
0.778742015
0.661424994
14.5499945
-7.9197998
2.28875208
1.52429795
1.51436806
2.7078619
14.2843866
6.19953394
-1.29304004
-0.695088029
0.655092001
0.652040005
0.292659998
3.10476208
-4.44988298
0.537167013
-17.4405041
-0.96727401
-9.19565773
-1.08973098
7.34835815
0.488456994
10.3752909
0.189377993
-0.703984976
-0.108879
0.188960001
1.18047702
4.39579821
-5.82947683
0.0131440004
9.93099976
-0.681367993
-13.6208334
-9.45545769
-1.71995902
0.458492994
16.0643482
-2.44882703
1.00258005
-0.734173
-11.0726814
6.02796984
-0.325634986
-3.1472981
-2.67730498
0.354649991
0.720246971
0.156237006
-3.39453912
-0.906922996
-1.41741502
-0.703742027
-1.73115599
0.0503779985
0.600372016
-6.80339003
-0.905821979
2.01526809
-0.371645987
-0.203782007
-3.62756395
-2.86732101
-2.66346002
-17.1842194
-1.21343803
2.00459695
0.341908008
0.0960960016
0.362560987
-0.072695002
-0.508129001
-1.56048596
-1.11919904
-0.0196470004
-3.30789399
12.9518738
0.219643995
1.84840906
15.8704281
-13.1079664
0.744560003
-9.2684269
-0.605337024
-10.1078653
-6.89080811
1.67015505
-12.209734
-0.415623009
2.6783731
2.03545189
0.457646012
-0.199582994
-1.57262301
-2.80519199
0.534699023
0.551900983
1.76491296
-2.3520689
-0.571448982
1.248788
5.97844601
-0.706466973
5.96684504
-0.655820012
0.340694994
-1.60918701
-1.491364
4.92079115
0.709177971
4.27466822
-167.707581
0.848381996
0.21672
1.30781603
-1.20149601
-0.175742
-11.0898418
0.164583996
-5.70327282
-1.66730297
-1.06624603
1.58082902
-0.338607997
-11.6542673
-5.98223305
-2.37685394
-7.54592323
2.51799011
6.65183783
-0.271066993
-0.491376013
3.61158991
1.13427401
-5.23549509
3.12126589
